0.4077213035217241 0.2531104803241379 0.2154037403965517 0.14863979296695404 0.11671332650068965 0.1157634085479885 0.10595896327155171 0.1035322288774138 0.10305834054224138 0.10305834054224138 0.1013863306751724 0.08798357340793103 0.087233406816523 0.08671919530206897 0.08593837947629311 0.0695914838086207 0.06300365311390804 0.061737711970258624 0.06089438162821839 0.0578852658362069 
0.5504053719409091 0.2716992614295454 0.21783067840772727 0.2015963575131818 0.18753871395022728 0.15796224604545456 0.15094458008818182 0.1358496307147727 0.1358496307147727 0.1358496307147727 0.1358496307147727 0.1358496307147727 0.1336456177081818 0.1324735114175 0.13209354197045456 0.13179650635227272 0.12972467047954545 0.12972467047954545 0.1271889483056818 0.1257666398625 
0.3409345422638437 0.28486618436807815 0.23364366455179153 0.21985266050684038 0.14893341546664496 0.11832819071042346 0.10109442596579804 0.07998054781550488 0.07788122151726384 0.07788122151726384 0.07647980454058631 0.07072413820390878 0.0665263726247557 0.06615022414045603 0.0626072847611075 0.05640193006368077 0.05623986640332248 0.05438252812410423 0.051783159401921824 0.05119247438625407 
0.6629779326317072 0.16948905363658537 0.1083229003850174 0.09203853987038328 0.08706213897560976 0.08155716428292684 0.0795524111651568 0.0729386093902439 0.06423992895209059 0.05784389011097561 0.05699448804041812 0.05523592234390244 0.05210201403789199 0.05122878795801394 0.05044694639336237 0.04643636673066202 0.045237220962090596 0.04460649952369338 0.044072913819721254 0.04360412296480836 
0.35610033754593495 0.24298307932723578 0.2374954100509756 0.1284558758780488 0.1230977458804878 0.10408183222195122 0.10180143984207315 0.10174295358455285 0.09719323173089431 0.0921603926382114 0.08784930980865854 0.08224787006585366 0.08171162642520326 0.07718665369682927 0.07670544336032521 0.07602996477804878 0.0750995004704065 0.07160103618837399 0.0677425459204065 0.06263223704439025 
0.6373114833 0.5232664137038596 0.4239295890052631 0.35043337754122805 0.2671817388585965 0.21392727707500003 0.2097327632087719 0.2097327632087719 0.20347530805263156 0.1939421059013158 0.16140696993298245 0.1547475573463158 0.15276703159807017 0.13767426608552633 0.13571017214289474 0.1122988189763158 0.1094505279485965 0.10486638160438595 0.10486638160438595 0.10486638160438595 
0.45349960351585666 0.2234535981850467 0.16572972897560748 0.15952729424672898 0.15518234940149533 0.1326178331962617 0.12991287525233644 0.10021143758504672 0.09730075500778815 0.0841386715142056 0.0815905949246729 0.0765809329563863 0.0744845327283489 0.0744845327283489 0.07291871074517134 0.06787018563373831 0.06428136270093458 0.06238186312996885 0.06223460838971962 0.06187156223314642 
0.3245084898368715 0.267145642522905 0.24722965488072626 0.20035923189217875 0.15315991347553073 0.13990588939189944 0.10118983872089386 0.0985543102652514 0.0878525891849162 0.08151262269307262 0.08018821464972067 0.08016138826391062 0.07922385700402235 0.07765741705027933 0.07765741705027933 0.07765741705027933 0.07670848103564246 0.07526209243798883 0.07395088261318436 0.07378508643240224 
0.34602744007374303 0.23297225115083797 0.1335728212614525 0.11382565983083799 0.11011900128882682 0.10469343806983239 0.1038604186144134 0.10256842591927373 0.09288483199240223 0.08995924996681565 0.08704232642413406 0.08578588831675979 0.07765741705027933 0.07378508643240224 0.06857241634916202 0.06764962428290502 0.06678641063072625 0.06678641063072625 0.06678641063072625 0.06678641063072625 
0.40232963795047927 0.13177278600170395 0.12235897129536742 0.11844752533235356 0.11039057424121404 0.08650719199946752 0.08299294540178913 0.0775603734116081 0.07638829075335463 0.062259010617209794 0.06025743419012779 0.04511741640204473 0.04245664342594249 0.03938963706845581 0.03885646074061768 0.03756548336906283 0.03715672928913738 0.03683355904399361 0.03597961764345048 0.03482461153246006 
0.6354072003600001 0.15865906729931034 0.13313355048179312 0.12945913749206897 0.10897393506948275 0.08893833873020689 0.08623610942741379 0.07817743651379311 0.07487003596068965 0.07246704403820689 0.07030896785162069 0.06961389767034483 0.06848541888565517 0.06719309667682759 0.06718479012841379 0.06637249333075862 0.0645966257125862 0.06453806992831035 0.06322258843227586 0.057651131771172405 
0.4543706711816735 0.40325956793889794 0.2298289861714286 0.19517987759836733 0.11856505898465307 0.11347491960816328 0.11138763192538775 0.10198707708571428 0.10166027379159182 0.09758993879918366 0.09758993879918366 0.09758993879918366 0.09758993879918366 0.09758993879918366 0.09583387752636734 0.08949800718330612 0.08668861444555101 0.08497201966616327 0.08336161794204082 0.07902995874938776 
0.5119100201094737 0.45781944311842104 0.3932489310164473 0.281152748746579 0.21838312713421051 0.20848619031631582 0.18994759604526312 0.1883678057623026 0.18290365331578948 0.18290365331578948 0.17186291054782893 0.15729957240657894 0.15729957240657894 0.13231561344355264 0.1273838150894737 0.10798612517328947 0.10490655042592106 0.09789827830894736 0.09766010539171052 0.09617110421013159 
0.2446491568472585 0.16712879064360314 0.15852337113394258 0.1041133370156658 0.07385864835853785 0.07258839504960836 0.06803453180968669 0.06242698434934726 0.059612381212532636 0.05749506994308094 0.0568833670716188 0.05599237303582246 0.055779644005744124 0.05511451938577023 0.05440014394449086 0.052265573649608356 0.05166179715336815 0.04997359953885117 0.049450970512428194 0.04776546976955614 
0.4898868903911032 0.3813513888071886 0.255261939563701 0.255261939563701 0.19001638618508898 0.15854528585765124 0.13667685441245553 0.13430276915758008 0.1333816755480427 0.1276309697818505 0.1026665186908185 0.0930861526405694 0.09037673219387901 0.08719576201153025 0.08370686376028469 0.08329859839572955 0.07761526959715304 0.07753142202288256 0.07310809163900356 0.07018686106975089 
0.2313595730185185 0.19200770189777777 0.17767928287915347 0.11346691874708993 0.10917628268253968 0.09896657694428572 0.0975495217420635 0.09204835364285713 0.09119024371878308 0.08809663373878307 0.0755448493436508 0.07193964877 0.06624416746645503 0.065033014494709 0.06456004585915344 0.063252738110582 0.063252738110582 0.063252738110582 0.063252738110582 0.063252738110582 
0.6916315273678414 0.6329167769101323 0.3638224925568282 0.3315863016063436 0.18500923879801762 0.16919029114493392 0.1184960843900881 0.11500679234418501 0.11249769778079295 0.11232730877621146 0.11025888362026431 0.10693680125938326 0.10416851679488986 0.09044459035612334 0.08766280472444933 0.07565135755955948 0.06984164886484581 0.06856439570814978 0.06588044659418503 0.06091727922969163 
0.646499505802952 0.169573099899139 0.1687147264875277 0.15746697863837641 0.09591782358376384 0.08936470983542436 0.07580580719763838 0.06779958127173431 0.061468226041820416 0.05516006785623616 0.05115045743225092 0.049864906386506765 0.04724009359151292 0.04411353322103321 0.04136258309380074 0.04057134367164822 0.040428924991881915 0.03941624290442804 0.03910806872420664 0.03855543140228782 
0.46602120121197277 0.4354444001122449 0.2833951135142857 0.19605984353265304 0.17973593778571428 0.15057774568571428 0.1411948247105442 0.12748384635714285 0.10680296375000001 0.09863848109571427 0.09675343922632654 0.09149187468214286 0.08513185912176871 0.08409383098183673 0.08132494899931972 0.08132494899931972 0.08132494899931972 0.08041657217891156 0.07775797768387754 0.07660966205714285 
0.37390685842700533 0.2992681136604278 0.2557169519336898 0.24089027427593585 0.223005523828877 0.21544462578609627 0.19178771395026736 0.1849462909045989 0.16024579646871656 0.15135993903721928 0.1506348209724599 0.13319126780181817 0.1278584759668449 0.1278584759668449 0.12209380751016043 0.12114767904705884 0.12044513713796792 0.1183686022235294 0.11194321334224598 0.10620733410074866 
0.2719481501688106 0.24068551299801763 0.2327318144740088 0.2106566960863436 0.19502139749603525 0.14299883447312775 0.1356355703814978 0.13431288150264317 0.12854128258255507 0.12614141403524232 0.12316606606563876 0.09751069874801763 0.09539988842361233 0.09458086077964759 0.09019485467665199 0.08656354768246696 0.08467152608660793 0.08256815733264318 0.07129986926872248 0.0686719210870044 
0.23929847280442476 0.1562070757659292 0.12910014001927433 0.12695328321663715 0.1227997437838407 0.11202430067384071 0.09963494594771681 0.09946737056628319 0.08463552214442477 0.07608294463646018 0.07166374750242477 0.06658363454938053 0.06347664160831858 0.06347664160831858 0.0630054869561062 0.05923804734288496 0.058054754538690266 0.05735635396474336 0.05623315119738053 0.056088320226690275 
0.5023188148852691 0.3037570487705382 0.2407073605959207 0.1653343848392068 0.13546478756827196 0.13546478756827196 0.10488710201507083 0.09526283301773372 0.09459170614220963 0.08597581885070821 0.08292529398509915 0.08083098613835693 0.07875738046458924 0.07875738046458924 0.07432942543002834 0.06966199867410765 0.06773239378413598 0.06773239378413598 0.059121482998300286 0.0572460958062323 
0.2942193750200772 0.21255416783976833 0.19327232881698841 0.19294852421621622 0.1608900010095753 0.1550288180854054 0.11546932840830118 0.10734114016988418 0.10222591316687257 0.08956056030115829 0.08411710265803089 0.08160983121081081 0.07715979936138996 0.07155172713320464 0.06498749589567568 0.0649156047026641 0.0630932653976834 0.0593056948407722 0.05798270686162162 0.05607806843868726 
0.49482349435194806 0.2771009818896104 0.25876120136147185 0.2070089610891775 0.18800307130670996 0.18368741767090907 0.1666495503542857 0.15525672081688313 0.15525672081688313 0.12786986278666668 0.12611718064870128 0.12243954830233766 0.1070285121587013 0.10483911846493507 0.1017175592692208 0.10056751514792207 0.09951584702320346 0.09455926517160174 0.08778768429696969 0.08394792236 
0.23428899633186667 0.19924612504833333 0.1886953906664 0.17444484079166667 0.15939690003866666 0.1476896915186 0.13265911911186667 0.111926274509 0.10234825630266667 0.10029476641099999 0.09686859744500001 0.09267118434666667 0.080726121218 0.080726121218 0.0805135287203 0.0797108850859 0.07969845001933333 0.07969845001933333 0.07969845001933333 0.07969845001933333 
0.32707476828235293 0.21743959159435294 0.21428629815635294 0.18752576475137253 0.14698137579999998 0.14245786097294116 0.11728061199117648 0.11497717160219607 0.1007807322762353 0.10040835579058824 0.09840593073980392 0.09695524042611765 0.09376288237568627 0.0856698666877647 0.08319959506270588 0.0811398399254902 0.08023305594447058 0.07580759485705882 0.06988427502117647 0.0691812609312941 
0.6858249301767858 0.5028100429379464 0.40822938284035715 0.21347799112321428 0.19771956332249996 0.18395525527276785 0.17145623254419645 0.1601084933424107 0.139435456953125 0.12628509964874998 0.12396812615397323 0.12376583896553571 0.10673899556160714 0.09573771269285714 0.09074114315803572 0.08694028403651785 0.08592867440142857 0.08354806133669643 0.08042235636013392 0.07875545329232142 
0.37566756824289543 0.21320757809115282 0.19481994320847185 0.17065574188010724 0.1339268736847185 0.13180954144235923 0.11070738044289544 0.10350865855152816 0.07290398722536194 0.06864378210884718 0.061749969896380694 0.0616771173147453 0.056676548404289546 0.05621925091697051 0.055951430290616624 0.05425787368680965 0.0530474234141555 0.052234823424235924 0.05165101468962466 0.048816011560616615 
0.2859673529685714 0.16767143348190477 0.15885243609422223 0.15821377835644446 0.15668972826222222 0.1170594260904762 0.11637433909307936 0.09598166645396826 0.09262257099403175 0.09255411577320635 0.09240142760863491 0.0909226449824762 0.08973420842107936 0.08164572841133333 0.08082930111238096 0.07021637842238096 0.06005096124120635 0.05946990938619048 0.057804356546380956 0.05697412042425397 
0.3070726834116279 0.15488617466632557 0.13011200696900002 0.12539221851739535 0.11120713956186046 0.10640212666055815 0.10071302888502325 0.0993655983916279 0.0937213487744186 0.09310564980372094 0.0930005153322093 0.08744993471302326 0.08281270644523256 0.08165199819488372 0.0771004714287907 0.06843503075730233 0.06465431466046512 0.062810496642 0.05970752305506977 0.057168556927906976 
0.2516793158505263 0.2516793158505263 0.2127144402063158 0.20261076911494735 0.19446818016547368 0.18464553103705267 0.16962385757768422 0.1571479428128421 0.1392956388585263 0.13120245355705262 0.12938147094210525 0.12746229666 0.12583965792526314 0.12108191978105262 0.11713777820736843 0.11589795678 0.1137856336694737 0.1137856336694737 0.11017568892105263 0.11017568892105263 
0.38823135239230766 0.26565374335817304 0.24246573128942311 0.2298993750557692 0.21095588288269232 0.19894864597115386 0.19787999498653847 0.1760720293001923 0.14705478539230768 0.1269954853019231 0.1269954853019231 0.1269954853019231 0.12309678233942309 0.11643190560288462 0.11643190560288462 0.1149496875278846 0.1149496875278846 0.1149496875278846 0.1149496875278846 0.1149496875278846 
0.24561820131975903 0.2448917598481928 0.23677472767248192 0.22712092010619278 0.16687382468722892 0.12097284091445784 0.11189595658236143 0.11003152773204819 0.10418480376072288 0.08642000604506024 0.07825303242838555 0.0744017784826506 0.07068480218183132 0.07053645488371084 0.06991387854968675 0.06683094470708434 0.05923489031084337 0.05761333736337349 0.054489032880289154 0.04983601753113253 
0.860497403807712 0.20185283104010282 0.16581896565161952 0.14822958679943446 0.11776930240473008 0.09324961078280206 0.09320715419043703 0.08269310619300771 0.07459421220699229 0.0681114514292545 0.06746056085460153 0.062256648754241646 0.06198236357105398 0.055142383811413884 0.05452360301285347 0.05377727310308483 0.0531893552210797 0.052912729836323905 0.05178424810025707 0.05156543260205656 
0.7852203841886792 0.2819520637476415 0.23754802489386795 0.2192336666507075 0.1691712382485849 0.14732802998820754 0.1369976879264151 0.1346978917542453 0.12533847926971697 0.1127808254990566 0.11152109538018867 0.11152109538018867 0.1085168148981132 0.1076959528509434 0.10624170115471698 0.10115682850566036 0.10110719900929244 0.09565544845566037 0.09423259100518867 0.09147155691113207 
0.21648939966926942 0.1986332058300685 0.1910579281285388 0.1724189488118493 0.16449494828584474 0.1417890520162557 0.12568842344863013 0.125460025446758 0.12480724746415524 0.10770284855388128 0.10504824090593606 0.10425361645844748 0.10133330058367579 0.074827099426758 0.07403859725068493 0.07358112543324201 0.07344262891506849 0.07147220376164383 0.06305019327671232 0.05898313379691781 
0.42093422351216614 0.31147962222480713 0.274340395548368 0.2545432290670326 0.2187942811691395 0.1748927040012463 0.15178752363721068 0.1350873457919881 0.12176605168249259 0.11954203612670622 0.10492530534614243 0.09160023506795253 0.08672220684231453 0.08389445291661721 0.08112628405807121 0.06510211222492582 0.06486010728578635 0.06339348265341246 0.06156864764035608 0.05975982630142433 
0.5433985228590908 0.3056670167751749 0.2578581763531469 0.2089994318688811 0.14698629735384616 0.13903221438461538 0.09231620165192307 0.08359977274755244 0.08359977274755244 0.08359977274755244 0.08127214990143357 0.07285054241517482 0.06999200946783217 0.06905822350517482 0.06854090038793706 0.0662507472834965 0.06367053920545454 0.06245359686993007 0.06216812837678322 0.059270822618811184 
0.4562580947088051 0.18207388200083857 0.17543683966519916 0.15983177526786163 0.14405407376624738 0.14377890213245284 0.12696874417861637 0.12119789112637316 0.10449530418501049 0.07855830741148846 0.07013285857408805 0.06910855711714885 0.06755282602106918 0.06646838453962264 0.0652472775308176 0.06506496597798742 0.05930369459396226 0.054436404260461216 0.053834836872536686 0.053677422906918244 
0.35347119354 0.30506978492645687 0.22414617889804195 0.17173575328205126 0.10903334852531468 0.0939737436458042 0.08952493261048952 0.08703780529081585 0.08101595605594406 0.06690828667132867 0.06338738283230769 0.06026568026981352 0.05968328840699301 0.05893990893916084 0.05573318183170163 0.05573318183170163 0.047338272286993006 0.04695587997902098 0.0456401108988345 0.04469470199972028 
0.3030898459194885 0.1161175970124041 0.09681530366304349 0.09172455884578004 0.09035062352695652 0.07590801381130435 0.0757432497369821 0.07462626891621484 0.07454950848069053 0.07164166454066496 0.0660027643383376 0.061730990253989766 0.0616435518801023 0.0611497058971867 0.059864210100255756 0.05883776153043478 0.05745927916319693 0.057078333572531975 0.05692117099590793 0.05405868614731458 
0.8424923248856088 0.23050584765682655 0.22056766610516604 0.16892519416254612 0.1538820404280443 0.14059560540627308 0.13442313906487086 0.11399341157324723 0.10258802695202952 0.10258802695202952 0.0947388742202214 0.07357086361070111 0.0716101741900738 0.07053042236250923 0.06921689354191882 0.06890280044656825 0.06394269881291513 0.06374898496730629 0.060985767714354246 0.06064278881653136 
0.4746102685889912 0.3545933338215929 0.33987784150353983 0.31179627310725666 0.20392670490212392 0.14775459035081417 0.11822922493438938 0.11329261383451328 0.11081354069946903 0.0884489695079646 0.08463552214442477 0.08463552214442477 0.07794906827681417 0.07146205424566372 0.06349065707628318 0.06347664160831858 0.06347664160831858 0.06289131196573451 0.05671753182530973 0.05156295350415929 
0.5820643391116279 0.4170267733569767 0.3804050713395349 0.3660461577539535 0.2905445800697674 0.2417751272815116 0.24126318900930233 0.2265533620609302 0.20936832214 0.1644643158216279 0.14551608477790698 0.14292139231976744 0.13900892445232557 0.13900892445232557 0.13900892445232557 0.13900892445232557 0.13900892445232557 0.13900892445232557 0.13900892445232557 0.1367536553293023 
0.44780026974195586 0.3432446870847634 0.23810143932668773 0.1817526091577287 0.17441554471009463 0.13248555546119872 0.12090965502776026 0.11721494219526814 0.1159766239830915 0.09247336620299683 0.0872093676466877 0.08030006968340694 0.07595577854574133 0.07542440064921135 0.06624277773059936 0.06354597006624606 0.06114067165277603 0.05924175486094637 0.05677921703451104 0.05621605719369085 
0.19140332363927576 0.1766318630941504 0.16049937822529248 0.15334687874791086 0.13320075212144847 0.12945659428345405 0.1183847236796936 0.10926276423119777 0.10698104760417827 0.10271360919052926 0.1026109166545961 0.09990056409108636 0.09272812993286908 0.08977307225559888 0.07738256315966574 0.07132069840278552 0.07132069840278552 0.07132069840278552 0.06866655613905293 0.06660037606072423 
0.3640719661303681 0.13100144274794479 0.12750295189141103 0.09741929217607362 0.09312032384095092 0.09173790201763804 0.08033920543196318 0.07629944039990798 0.0733421319196319 0.06754788892085889 0.06745209837092024 0.06682923186634969 0.06553252654662577 0.06378116854665644 0.062497580277914105 0.06165969356012271 0.06088843109613497 0.05839663200797546 0.05597693229693251 0.05560978984674847 
0.2083619608348584 0.19487691926732026 0.1591461019677778 0.15821398669237471 0.11848647240470588 0.11634328852618737 0.09317120622640523 0.0919046388556645 0.07865342334440087 0.07662961609150327 0.06565757912191722 0.06357629395233115 0.05909404805193899 0.059090622533398696 0.05452890322832244 0.05305132333104575 0.05143785876934641 0.05080410948313725 0.04869416490084967 0.04730350855904139 